0.091 12.4
0.042 23.3
-2.000 -16.3
0.287 31.9
-0.028 24.5
-2.000 -16.3
0.140 24.9
-0.448 23.8
-2.000 -16.3
0.667 36.6
0.667 24.4
0.667 36.9
0.667 27.8
0.655 36.6
0.661 36.6
-2.000 -16.3
-2.000 -16.3
2.000 45.0
-2.000 -16.3
-2.000 -16.3
1.330 45.0
1.325 48.2
1.330 45.0
-2.000 -16.3
-0.103 23.0
-0.118 -12.5
0.153 29.8
0.476 36.7
0.596 36.0
0.686 35.5
0.483 22.2
0.018 -7.8
0.052 -7.0
0.009 29.2
-0.010 7.8
2.000 59.4
-2.000 -16.3
-2.000 -16.3
2.000 61.3
0.107 19.3
0.046 13.5
0.669 36.7
-0.060 -7.8
-0.046 14.3
0.039 26.9
0.060 -7.8
0.662 36.6
-0.060 25.4
0.655 35.9
0.165 29.0
0.578 34.9
0.585 34.5
0.599 36.0
0.613 36.4
0.599 35.7
0.648 36.1
0.677 7.8
0.048 0.0
-0.048 16.3
0.048 7.8
0.028 7.8
0.021 16.3
0.062 -7.8
-0.041 16.3
-0.011 10.7
0.018 13.5
0.669 36.6
0.018 -7.8
0.053 26.2
0.039 13.1
0.641 36.6
-0.032 -16.3
0.053 7.8
0.053 7.8
0.053 7.8
0.053 7.8
0.053 7.8
0.062 7.8
0.062 7.8
-0.056 -7.8
2.000 55.8
0.052 10.3
0.044 19.9
-2.000 -16.3
0.578 28.9
0.630 34.1
2.000 52.9
-2.000 -16.3
0.052 -7.8
0.669 21.0
0.669 27.5
0.669 36.5
0.669 23.8
0.021 24.1
0.669 -7.8
0.262 23.8
-0.109 -7.8
0.029 -16.3
2.000 61.4
2.000 61.4
2.000 55.8
-2.000 -16.3
-2.000 -15.0
2.000 61.4
0.667 36.9
-2.000 -16.3
0.686 39.8
-2.000 -7.8
0.007 -7.8
-0.961 -16.3
-0.438 7.8
-0.418 0.5
-2.000 -16.3
-0.029 7.8
0.667 36.6
-2.000 -16.3
0.667 7.8
0.667 36.6
0.667 7.8
-0.019 16.3
0.668 36.6
-1.335 -16.3
0.638 36.6
0.638 9.2
0.033 16.3
0.613 7.8
-0.853 -16.3
0.674 37.0
0.444 23.8
2.000 52.9
0.438 32.6
2.000 61.4
-0.065 -7.8
0.850 47.0
2.000 61.4
-0.046 -7.8
-0.275 -5.9
0.163 27.4
-0.115 -5.5
0.101 6.0
0.064 0.5
0.206 28.0
0.472 48.8
0.478 45.6
0.665 36.6
0.665 36.6
0.665 36.6
-0.061 -7.8
0.665 36.6
0.665 36.6
0.665 36.6
-0.061 -7.8
1.293 18.8
0.886 18.1
-1.455 18.1
0.669 19.9
-1.455 43.3
0.311 10.5
0.027 9.1
-0.788 11.0
2.000 52.9
1.325 52.9
0.659 36.6
-2.000 -14.0
-2.000 -16.3
0.635 36.7
0.659 36.4
0.659 36.6
0.667 36.5
0.681 39.8
0.652 36.8
0.652 36.7
1.043 41.3
-0.623 -4.4
-0.807 -16.3
0.662 37.0
0.052 23.7
0.114 18.4
0.540 13.5
0.613 23.0
0.405 10.1
0.561 20.6
0.571 26.2
0.156 17.9
-1.290 -7.5
-0.005 -3.0
-0.005 -7.8
0.048 -7.8
0.025 16.3
-0.013 7.8
-0.013 -7.8
0.025 -7.8
-2.000 -16.3
-0.024 7.8
-2.000 -16.3
0.039 7.8
-0.053 7.8
0.053 7.8
0.029 7.8
0.058 7.8
-2.000 -16.3
0.667 28.7
0.678 36.6
1.333 46.8
0.661 36.6
2.000 52.9
2.000 61.4
-2.000 -16.3
0.669 36.6
2.000 61.4
-2.000 -16.3
0.669 36.6
-2.000 -16.3
0.669 36.6
0.669 36.6
2.000 61.4
-1.126 0.6
1.155 31.8
0.043 6.4
0.140 34.7
0.589 28.4
0.744 21.1
-0.671 0.7
0.087 22.2
-0.426 14.3
-0.268 -1.2
0.671 43.1
0.048 6.5
0.686 36.5
-0.936 9.0
0.025 2.5
-0.260 13.3
0.064 7.8
0.064 7.8
0.667 19.8
-0.064 -7.8
0.667 36.6
-0.058 -7.8
0.667 36.6
0.667 36.6