3 2.000
5 0.028
8 0.175
7 0.091
3 0.189
5 -0.056
4 0.042
9 -2.000
9 -2.000
6 -0.063
2 0.273
10 -2.000
1 0.287
7 -0.028
10 -2.000
4 0.140
2 0.175
6 -0.413
8 0.000
1 -0.448
8 -2.000
2 0.678
2 0.930
8 -1.310
5 0.643
9 -1.310
3 0.661
10 -2.000
9 -0.018
6 0.667
3 0.667
1 0.667
7 0.667
4 0.667
7 0.667
6 0.719
1 0.655
5 0.661
4 0.661
10 -2.000
2 0.669
10 -2.000
8 0.039
5 -2.000
9 -0.015
3 0.669
6 0.060
1 2.000
5 -2.000
7 -2.000
9 -0.020
2 2.000
10 -2.000
4 1.330
6 0.001
1 1.325
8 0.017
3 0.017
4 1.330
7 -2.000
3 0.228
9 -0.268
5 0.063
2 0.123
7 -0.103
2 0.483
10 -0.118
8 0.453
6 -0.178
1 0.153
6 0.250
3 0.371
8 -0.163
4 0.476
5 0.423
1 0.596
9 -0.523
4 0.686
7 0.483
10 0.018
7 0.052
4 0.009
2 0.676
5 0.033
7 -0.010
5 -0.035
9 -2.000
8 -0.016
1 2.000
10 -2.000
9 -2.000
6 -1.288
6 0.046
10 -2.000
3 0.632
3 0.669
8 0.009
1 2.000
4 0.107
2 0.460
3 0.669
5 -0.235
5 0.053
9 0.046
9 -0.046
4 0.046
1 0.669
10 -0.060
4 -0.046
6 0.025
3 0.655
6 -0.039
8 0.053
2 0.669
7 0.039
10 0.060
1 0.662
8 -0.053
7 -0.060
2 0.648
5 0.060
1 0.655
3 0.620
7 0.165
6 0.557
7 0.578
2 0.634
10 0.585
2 0.557
4 0.599
4 0.613
6 0.648
9 0.634
3 0.613
5 0.613
10 0.599
8 0.571
1 0.648
9 0.606
8 0.613
2 -0.028
1 0.677
10 0.048
4 -0.048
2 0.035
8 0.048
6 -0.021
6 -0.028
4 0.048
8 -0.028
7 0.028
9 -0.048
1 0.021
9 0.048
10 0.062
5 -0.028
5 0.062
7 -0.041
3 0.007
3 -0.041
7 -0.011
7 0.018
1 0.669
8 0.011
3 0.424
5 -0.032
9 -0.004
2 0.046
10 0.018
5 0.053
2 0.669
9 0.032
8 0.018
6 -0.053
6 -0.039
4 0.053
4 0.039
1 0.641
10 -0.032
3 -0.060
8 0.062
7 0.053
9 0.044
1 0.053
3 0.053
6 0.062
6 0.053
8 0.053
4 0.053
10 0.053
4 0.053
7 0.062
9 0.062
1 0.062
10 -0.056
2 -0.011
3 -0.011
5 0.062
2 0.044
5 0.062
1 2.000
3 0.541
8 0.067
6 -0.030
2 1.333
6 0.059
7 0.052
8 -0.015
7 0.044
5 0.059
10 -2.000
4 0.578
5 0.059
2 1.333
3 0.615
4 0.630
9 0.022
1 2.000
10 -2.000
9 0.059
10 0.052
1 0.669
1 0.669
9 0.151
4 0.669
9 0.027
6 0.669
4 0.669
3 2.000
5 -0.065
8 0.669
8 0.250
5 0.645
7 0.021
3 2.000
2 0.669
2 0.669
6 0.046
10 0.669
7 0.262
3 2.000
10 -0.109
9 2.000
5 2.000
7 0.029
1 2.000
1 2.000
2 2.000
6 2.000
3 2.000
4 2.000
5 2.000
2 2.000
9 2.000
7 -2.000
8 -2.000
10 -2.000
6 2.000
4 2.000
8 -2.000
8 -0.667
1 0.667
5 0.065
9 -0.013
10 -2.000
1 0.686
3 0.000
7 -2.000
7 0.007
2 0.660
9 -0.052
6 -0.837
5 0.314
10 -0.961
4 -0.438
3 0.039
2 0.654
4 -0.418
6 -0.980
8 0.065
10 -2.000
4 -0.029
1 0.667
2 0.667
8 0.063
9 -2.000
5 0.058
5 0.667
2 0.667
10 -2.000
3 0.667
4 0.667
3 0.667
1 0.667
8 0.667
7 0.667
6 -0.005
6 0.048
7 -0.019
9 -2.000
3 -0.059
3 0.045
1 0.668
10 -1.335
6 0.680
8 0.638
5 -0.034
1 0.638
5 0.064
4 0.638
2 1.139
7 0.033
7 0.613
9 -2.000
2 1.120
10 -0.853
9 -2.000
6 0.051
4 0.674
8 -0.046
7 0.444
1 2.000
7 0.438
8 0.510
5 0.856
1 2.000
3 0.667
10 -0.065
6 0.771
4 0.850
9 0.046
8 0.497
6 0.797
2 0.667
4 2.000
3 0.667
10 -0.046
2 0.667
5 0.876
9 -0.065
3 1.596
2 1.559
2 0.910
3 0.923
8 -0.041
5 -0.325
6 -0.016
10 -0.275
9 -0.164
4 0.163
7 -0.115
7 0.101
8 -0.195
6 0.250
10 0.064
9 -0.096
4 0.206
1 0.472
1 0.478
5 -0.140
4 0.665
9 -0.061
5 0.665
8 0.665
9 -0.049
1 0.665
3 0.665
7 0.665
10 -0.061
4 0.665
5 0.665
7 0.665
1 0.665
6 0.665
2 0.665
3 0.665
2 0.665
8 0.665
10 -0.061
6 0.665
8 0.614
1 1.293
5 -0.090
4 0.886
6 0.700
9 -0.702
5 -2.000
2 -1.492
8 1.577
9 -1.356
6 1.843
1 -1.455
4 0.669
3 -1.115
2 0.812
10 -1.455
10 0.311
7 0.027
3 0.781
7 -0.788
1 2.000
9 -2.000
8 0.665
1 1.325
6 0.000
5 0.641
7 0.659
6 0.220
10 -2.000
5 0.665
3 0.665
10 -2.000
8 0.653
2 2.000
4 0.635
7 0.659
4 0.659
9 -2.000
2 2.000
3 0.659
4 0.667
9 -0.614
7 0.681
3 0.686
9 -2.000
4 0.652
7 0.652
1 1.043
3 0.638
6 0.662
10 -0.623
2 0.671
8 0.657
2 0.638
10 -0.807
6 0.633
1 0.662
5 0.667
5 0.691
8 0.647
10 0.052
8 -0.041
10 0.114
8 -0.010
2 0.592
9 0.602
7 0.540
4 0.613
1 0.405
6 0.364
5 0.291
3 -0.498
5 0.073
1 0.561
6 0.665
4 0.571
2 0.364
3 0.208
7 0.156
9 0.291
10 -1.290
5 0.010
3 -0.013
8 -0.028
7 -0.005
2 0.018
7 -0.005
5 -0.050
4 0.048
9 -0.020
2 0.033
9 0.018
1 0.025
1 -0.013
6 -0.013
6 0.063
4 -0.013
8 0.018
10 0.025
3 0.003
10 -2.000
2 -0.053
7 -0.024
3 0.053
5 -0.010
10 -2.000
2 -0.043
1 0.039
9 -2.000
4 -0.053
4 0.053
3 -0.039
5 0.338
8 0.048
8 0.024
9 -2.000
6 0.058
6 0.058
7 0.029
1 0.058
10 -2.000
8 1.690
9 -2.000
8 2.000
4 0.667
6 0.667
7 0.678
3 2.000
4 1.333
2 2.000
7 0.661
1 2.000
1 2.000
2 2.000
10 -2.000
9 -2.000
5 0.667
5 0.673
3 2.000
6 1.339
7 0.669
1 2.000
6 0.669
10 -2.000
4 0.669
8 0.669
5 0.669
8 0.669
9 -2.000
6 0.669
10 -2.000
7 0.669
4 0.669
2 2.000
1 2.000
5 0.669
9 -2.000
3 2.000
2 0.669
3 2.000
9 -1.333
3 0.652
10 -1.126
8 0.778
5 0.821
2 0.512
1 1.155
4 0.043
1 0.140
3 1.039
7 0.589
6 0.155
9 -2.000
7 0.744
8 0.720
10 -0.671
5 -1.502
4 0.087
2 -1.150
6 1.425
5 0.003
8 -0.831
7 -0.426
10 -0.268
1 0.671
2 0.018
5 0.018
6 0.010
7 0.048
1 0.686
3 0.010
9 0.626
2 2.000
8 -1.395
4 -0.936
9 -0.043
10 0.025
4 -0.260
3 0.258
6 0.198
9 -0.018
7 0.064
5 0.064
8 0.064
6 0.064
6 0.064
2 0.655
9 -0.064
8 0.064
7 0.064
4 0.667
10 -0.064
3 0.667
1 0.667
3 0.667
10 -0.058
4 0.667
2 0.667
5 0.064
1 0.667