1.430 0.998
1.831 0.998
2.000 2.000
2.000 2.000
0.735 0.000
0.720 0.000
0.725 1.003
0.731 1.003
2.000 1.246
2.000 1.246
-0.375 0.000
0.361 0.000
0.057 0.000
0.040 0.000
2.000 1.254
2.000 1.254
0.732 0.997
0.732 0.997
-0.056 0.000
0.032 0.000
2.000 2.000
2.000 2.000
2.000 2.000
2.000 2.000
-0.046 0.000
0.031 0.000
0.082 0.000
-0.039 0.000
-0.753 1.501
0.062 1.501
0.036 1.000
-0.028 1.000
0.736 2.000
0.778 2.000
-0.319 0.000
-0.039 0.000
0.111 2.000
0.729 2.000
0.023 0.000
-0.034 0.000
1.411 0.995
1.415 0.995
2.000 1.530
2.000 1.530
0.067 0.000
0.067 0.000
0.960 0.247
1.114 0.247
-0.146 0.000
-0.714 0.000
1.422 0.997
2.000 0.997
0.741 0.000
0.741 0.000
2.000 0.998
2.000 0.998
0.084 0.000
0.077 0.000
0.506 0.000
0.143 0.000
0.009 1.000
0.080 1.000
0.739 0.998
0.731 0.998
0.718 1.249
2.000 1.249
0.084 0.000
0.084 0.000
0.906 0.957
0.535 0.957
-0.061 0.000
-0.021 0.000
2.000 2.000
2.000 2.000
-0.028 0.000
-0.042 0.000
0.145 0.000
0.027 0.000
2.000 1.903
2.000 1.903
1.409 1.004
1.395 1.004
2.000 0.997
2.000 0.997
1.753 0.000
1.813 0.000
0.062 0.000
0.078 0.000
-0.874 2.000
-2.000 2.000
2.000 0.000
2.000 0.000
0.033 0.502
0.010 0.502
0.077 0.000
0.082 0.000
-0.686 0.000
0.290 0.000
1.330 0.504
0.982 0.504
2.000 1.202
2.000 1.202
-1.353 0.000
-0.638 0.000
-2.000 0.000
-2.000 0.000
2.000 0.496
2.000 0.496
2.000 2.000
2.000 2.000
0.998 0.503
1.079 0.503
0.551 2.000
1.031 2.000
0.433 1.516
0.159 1.516
0.720 0.000
1.082 0.000
-0.004 0.000
-0.054 0.000
2.000 0.000
-0.020 0.000
2.000 0.000
2.000 0.000
0.077 0.000
0.256 0.000
2.000 0.990
2.000 0.990
2.000 1.001
1.415 1.001
2.000 2.000
2.000 2.000
2.000 0.000
2.000 0.000
2.000 0.249
2.000 0.249
1.423 2.000
2.000 2.000
2.000 0.997
2.000 0.997
1.445 0.997
2.000 0.997
1.219 1.003
0.355 1.003
2.000 0.000
2.000 0.000
0.727 0.000
1.096 0.000
0.745 0.000
0.706 0.000
0.344 0.703
0.611 0.703