2.000 0.189
0.028 -0.056
0.175 0.000
0.091 -0.028
0.042 0.140
-2.000 -2.000
-0.063 -0.413
0.273 0.175
-2.000 -2.000
0.287 -0.448
-2.000 -1.310
0.678 0.930
0.643 0.661
-1.310 -0.018
0.661 0.667
-2.000 -2.000
0.667 0.719
0.667 0.655
0.667 0.667
0.667 0.661
0.669 2.000
-2.000 -2.000
0.039 0.017
-2.000 -2.000
-0.015 -0.020
0.669 0.017
0.060 0.001
2.000 1.325
-2.000 -2.000
1.330 1.330
0.228 0.371
-0.268 -0.523
0.063 0.423
0.123 0.483
-0.103 0.483
-0.118 0.018
0.453 -0.163
-0.178 0.250
0.153 0.596
0.476 0.686
0.052 -0.010
0.009 0.107
0.676 0.460
0.033 -0.035
-2.000 -2.000
-0.016 0.009
2.000 2.000
-2.000 -2.000
-1.288 0.046
0.632 0.669
0.669 0.655
-0.235 0.053
0.046 -0.046
0.046 -0.046
0.669 0.662
-0.060 0.060
0.025 -0.039
0.053 -0.053
0.669 0.648
0.039 -0.060
0.060 0.613
0.655 0.648
0.620 0.613
0.165 0.578
0.557 0.648
0.634 0.557
0.585 0.599
0.599 0.613
0.634 0.606
0.571 0.613
-0.028 0.035
0.677 0.021
0.048 0.062
-0.048 0.048
0.048 -0.028
-0.021 -0.028
0.028 -0.041
-0.048 0.048
-0.028 0.062
0.007 -0.041
-0.011 0.018
0.669 0.641
0.011 0.018
0.424 -0.060
-0.032 0.053
-0.004 0.032
0.046 0.669
0.018 -0.032
-0.053 -0.039
0.053 0.039
0.062 0.053
0.053 0.062
0.044 0.062
0.053 0.062
0.053 -0.011
0.062 0.053
0.053 0.053
0.053 -0.056
-0.011 0.044
0.062 0.062
2.000 2.000
0.541 0.615
0.067 -0.015
-0.030 0.059
1.333 1.333
0.052 0.044
0.059 0.059
-2.000 -2.000
0.578 0.630
0.022 0.059
0.052 0.669
0.669 0.669
0.151 0.027
0.669 0.669
0.669 0.046
2.000 2.000
-0.065 0.645
0.669 0.250
0.021 0.262
0.669 0.669
2.000 2.000
-0.109 -2.000
2.000 2.000
2.000 2.000
0.029 -2.000
2.000 2.000
2.000 2.000
2.000 2.000
2.000 2.000
-2.000 -2.000
-0.667 0.065
0.667 0.686
0.065 0.314
-0.013 -0.052
-2.000 -0.961
0.000 0.039
-2.000 0.007
0.660 0.654
-0.837 -0.980
-0.438 -0.418
-2.000 -2.000
-0.029 0.667
0.667 0.667
0.667 0.667
0.063 0.667
-2.000 -2.000
0.058 0.667
0.667 0.667
0.667 -0.019
-0.005 0.048
-0.059 0.045
0.668 0.638
-1.335 -0.853
0.680 0.051
0.638 -0.046
-0.034 0.064
0.638 0.674
1.139 1.120
0.033 0.613
-2.000 -2.000
0.444 0.438
2.000 2.000
0.510 0.497
0.856 0.876
0.667 0.667
-0.065 -0.046
0.771 0.797
0.850 2.000
0.046 -0.065
0.667 0.667
1.596 0.923
1.559 0.910
-0.041 -0.195
-0.325 -0.140
-0.016 0.250
-0.275 0.064
-0.164 -0.096
0.163 0.206
-0.115 0.101
0.472 0.478
0.665 0.665
-0.061 -0.049
0.665 0.665
0.665 0.665
0.665 0.665
0.665 0.665
0.665 0.665
-0.061 -0.061
0.665 0.665
0.665 0.665
0.614 1.577
1.293 -1.455
-0.090 -2.000
0.886 0.669
0.700 1.843
-0.702 -1.356
-1.492 0.812
-1.115 0.781
-1.455 0.311
0.027 -0.788
2.000 1.325
-2.000 -2.000
0.665 0.653
0.000 0.220
0.641 0.665
0.659 0.659
-2.000 -2.000
0.665 0.659
2.000 2.000
0.635 0.659
0.667 0.652
-0.614 -2.000
0.681 0.652
0.686 0.638
1.043 0.662
0.662 0.633
-0.623 -0.807
0.671 0.638
0.657 0.647
0.667 0.691
0.052 0.114
-0.041 -0.010
0.592 0.364
0.602 0.291
0.540 0.156
0.613 0.571
0.405 0.561
0.364 0.665
0.291 0.073
-0.498 0.208
-1.290 0.025
0.010 -0.050
-0.013 0.003
-0.028 0.018
-0.005 -0.005
0.018 0.033
0.048 -0.013
-0.020 0.018
0.025 -0.013
-0.013 0.063
-2.000 -2.000
-0.053 -0.043
-0.024 0.029
0.053 -0.039
-0.010 0.338
0.039 0.058
-2.000 -2.000
-0.053 0.053
0.048 0.024
0.058 0.058
-2.000 -2.000
1.690 2.000
-2.000 -2.000
0.667 1.333
0.667 1.339
0.678 0.661
2.000 2.000
2.000 2.000
2.000 2.000
0.667 0.673
0.669 0.669
2.000 2.000
0.669 0.669
-2.000 -2.000
0.669 0.669
0.669 0.669
0.669 0.669
-2.000 -2.000
2.000 0.669
2.000 2.000
-1.333 -2.000
0.652 1.039
-1.126 -0.671
0.778 0.720
0.821 -1.502
0.512 -1.150
1.155 0.140
0.043 0.087
0.589 0.744
0.155 1.425
0.003 0.018
-0.831 -1.395
-0.426 0.048
-0.268 0.025
0.671 0.686
0.018 2.000
0.010 0.198
0.010 0.258
0.626 -0.043
-0.936 -0.260
-0.018 -0.064
0.064 0.064
0.064 0.064
0.064 0.064
0.064 0.064
0.655 0.667
0.667 0.667
-0.064 -0.058
0.667 0.667
0.667 0.667